
Group	Baule_Lega_d_Oro_1_Posto
{
	Vnum	10960
	1	70401	5	1
	2	70401	10	1
	3	84999	3	1
	4	84999	6	1
	5	86066	3	1
	6	39015	3	1
	7	50066	1	1
	8	72320	4	1
	9	86060	100	1
	10	86060	150	1
	11	86051	3	1
	12	86051	6	1
	13	39076	1	1
	14	39077	1	1
	15	39078	1	1
}

Group	Baule_Lega_d_Argento_1_Posto
{
	Vnum	10961
	1	71084	100	1
	2	71084	200	1
	3	70401	2	1
	4	70401	4	1
	5	164407	1	1
	6	70613	1	1
	7	50926	4	1
	8	39070	1	1
	9	39066	1	1
	10	39067	1	1
}

Group	Baule_Lega_d_Bronzo_1_Posto
{
	Vnum	10962
	1	71084	25	1
	2	71084	50	1
	3	71084	75	1
	4	25040	2	1
	5	25040	4	1
	6	39068	1	1
	7	39065	1	1
	8	39070	1	1
}

Group	Baule_Lega_d_Oro_2_Posto
{
	Vnum	10963
	1	70401	4	1
	2	70401	8	1
	3	84999	2	1
	4	84999	4	1
	5	86066	2	1
	6	39015	2	1
	7	50066	1	1
	8	72320	3	1
	9	86060	50	1
	10	86060	100	1
	11	86051	2	1
	12	86051	4	1
	13	39079	1	1
	14	39080	1	1
	15	39081	1	1
}

Group	Baule_Lega_d_Argento_2_Posto
{
	Vnum	10964
	1	71084	80	1
	2	71084	160	1
	3	70401	1	1
	4	70401	2	1
	5	164407	1	1
	6	70613	1	1
	7	50926	2	1
	8	25040	4	1
	9	39072	1	1
	10	39073	1	1
	11	39074	1	1
}

Group	Baule_Lega_d_Bronzo_1_Posto
{
	Vnum	10965
	1	71084	15	1
	2	71084	30	1
	3	71084	45	1
	4	25040	1	1
	5	25040	2	1
	6	39069	1	1
	7	39068	1	1
	8	39065	1	1
}

Group	Baule_Lega_d_Oro_3_Posto
{
	Vnum	10966
	1	70401	3	1
	2	70401	6	1
	3	84999	1	1
	4	84999	2	1
	5	86066	1	1
	6	39015	1	1
	7	50066	1	1
	8	72320	2	1
	9	86060	40	1
	10	86060	80	1
	11	86051	1	1
	12	86051	2	1
	13	39067	1	1
	14	39082	1	1
	15	39083	1	1
}

Group	Baule_Lega_d_Argento_3_Posto
{
	Vnum	10967
	1	71084	70	1
	2	71084	140	1
	3	70401	1	1
	4	50926	1	1
	5	25040	1	1
	6	25040	2	1
	7	39065	1	1
	8	39070	1	1
	9	39075	1	1
}

Group	Baule_Lega_d_Bronzo_3_Posto
{
	Vnum	10968
	1	71084	10	1
	2	71084	15	1
	3	71084	20	1
	4	25040	1	1
	5	25040	2	1
	6	39071	1	1
	7	39069	1	1
	8	39068	1	1
}

Group	Baule_Regalo_Giornaliero
{
	Vnum	50067
	1	39071	1	220
	2	39069	1	150
	3	39068	1	110
	4	164407	1	2
	5	70613	1	2
	6	88902	1	20
	7	70401	1	2
	8	84999	1	2
	9	86051	1	2
	10	71084	50	30
	11	50926	4	2
	12	50099	1	2
	13	164406	1	2
	14	39030	10	30
	15	39008	10	30
	16	70612	1	2
	17	30284	10	15
	18	30284	20	10
	19	30279	10	10
	20	30279	20	5
	21	30277	10	10
	22	30277	20	50
	23	30271	10	5
	24	30280	1	2
	25	30278	1	2
}

Group	BauleGuerriero
{
	Vnum	39048
	1	50401	1	4
	2	50402	1	4
	3	50403	1	4
	4	50404	1	4
	5	50405	1	4
	6	50406	1	4
	7	50416	1	4
	8	50417	1	4
	9	50418	1	4
	10	50419	1	4
	11	50420	1	4
	12	50421	1	4
}

Group	BauleNinja
{
	Vnum	39050
	1	50431	1	4
	2	50432	1	4
	3	50433	1	4
	4	50434	1	4
	5	50435	1	4
	6	50436	1	4
	7	50446	1	4
	8	50447	1	4
	9	50448	1	4
	10	50449	1	4
	11	50450	1	4
	12	50451	1	4
}

Group	BauleSura
{
	Vnum	39052
	1	50476	1	4
	2	50477	1	4
	3	50478	1	4
	4	50479	1	4
	5	50480	1	4
	6	50481	1	4
	7	50461	1	4
	8	50462	1	4
	9	50463	1	4
	10	50464	1	4
	11	50465	1	4
	12	50466	1	4
}

Group	BauleShamamo
{
	Vnum	39054
	1	50491	1	4
	2	50492	1	4
	3	50493	1	4
	4	50494	1	4
	5	50495	1	4
	6	50496	1	4
	7	50506	1	4
	8	50507	1	4
	9	50508	1	4
	10	50509	1	4
	11	50510	1	4
	12	50511	1	4
}

Group	Baule_Mahon
{
	Vnum	50138
	1	17106	1	60
	2	16106	1	60
	3	14106	1	60
	4	15106	1	60
	5	25040	1	10
	6	71084	10	10
	7	28115	1	10
}

Group	Baule_Bo
{
	Vnum	50139
	1	17106	1	60
	2	16106	1	60
	3	14106	1	60
	4	15106	1	60
	5	25040	1	10
	6	71084	10	10
	7	28115	1	10
}

Group	Baule_Goo-Pae
{
	Vnum	50140
	1	17106	1	60
	2	16106	1	60
	3	14106	1	60
	4	15106	1	60
	5	25040	1	10
	6	71084	10	10
	7	28115	1	10
}

Group	Baule_Chuong
{
	Vnum	50141
	1	17106	1	60
	2	16106	1	60
	3	14106	1	60
	4	15106	1	60
	5	25040	1	10
	6	71084	10	10
	7	28115	1	10
}

Group	Baule_Comandante_Brutale
{
	Vnum	50142
	1	17106	1	50
	2	16106	1	50
	3	14106	1	50
	4	15106	1	50
	5	25040	1	20
	6	71084	10	20
	7	71084	15	10
	8	28115	5	20
}

Group	BauleCapoOrco
{
	Vnum	50070
	1	70401	1	130
	2	50926	3	90
	3	72044	1	80
	4	86075	1	70
	5	72320	1	95
	6	11256	1	50
	7	11656	1	50
	8	11456	1	50
	9	11856	1	50
	10	14164	1	50
	11	14184	1	50
	12	17164	1	50
	13	17184	1	50
	14	16164	1	50
	15	16184	1	50
	16	15144	1	50
	17	15164	1	50
	18	15124	1	50
}

Group	BauleTigreGialla
{
	Vnum	50078
	1	70401	1	130
	2	50926	3	90
	3	72044	1	80
	4	86075	1	70
	5	72320	1	95
	6	11256	1	50
	7	11656	1	50
	8	11456	1	50
	9	11856	1	50
	10	14164	1	50
	11	14184	1	50
	12	17164	1	50
	13	17184	1	50
	14	16164	1	50
	15	16184	1	50
	16	15144	1	50
	17	15164	1	50
	18	15124	1	50
}

Group	CapobandaOscuro
{
	Vnum	50071
	1	70401	1	130
	2	50926	3	90
	3	72044	1	80
	4	86075	1	70
	5	72320	1	95
	6	11256	1	50
	7	11656	1	50
	8	11456	1	50
	9	11856	1	50
	10	14164	1	50
	11	14184	1	50
	12	17164	1	50
	13	17184	1	50
	14	16164	1	50
	15	16184	1	50
	16	15144	1	50
	17	15164	1	50
	18	15124	1	50
}

Group	BauleTartaruga
{
	Vnum	50076
	1	70401	1	130
	2	50926	3	90
	3	72044	1	80
	4	86075	1	70
	5	72320	1	95
	6	11264	1	50
	7	11664	1	50
	8	11464	1	50
	9	11864	1	50
	10	16204	1	50
	11	17204	1	50
	12	14204	1	50
	13	15184	1	50
	14	15204	1	50
	15	15224	1	50
	16	14205	1	40
	17	16205	1	40
	18	17205	1	40
}

Group	BauleNoveCode
{
	Vnum	50077
	1	70401	1	130
	2	50926	3	90
	3	72044	1	80
	4	86075	1	70
	5	72320	1	95
	6	11274	1	50
	7	11674	1	50
	8	11474	1	50
	9	11874	1	50
	10	16204	1	50
	11	17204	1	50
	12	14204	1	50
	13	15184	1	50
	14	15204	1	50
	15	15224	1	50
	16	14205	1	40
	17	16205	1	40
	18	17205	1	40
}

Group	BauleReFiamma
{
	Vnum	50079
	1	70401	1	130
	2	50926	3	90
	3	72044	1	80
	4	86075	1	70
	5	72320	1	95
	6	11284	1	50
	7	11684	1	50
	8	11484	1	50
	9	11884	1	50
	10	16204	1	50
	11	17204	1	50
	12	14204	1	50
	13	15184	1	50
	14	15204	1	50
	15	15224	1	50
}

Group	BauleDragoRosso
{
	Vnum	50080
	1	86051	1	100
	2	86051	2	60
	3	84999	1	100
	4	84999	2	60
}

Group	BauleReginaRagno
{
	Vnum	50073
	1	70401	1	130
	2	50926	3	90
	3	72044	1	80
	4	86075	1	70
	5	72320	1	95
	6	13060	1	100
	7	13063	1	80
	8	13080	1	100
	9	13083	1	80
	10	13100	1	100
	11	13103	1	80
	12	13120	1	100
	13	13123	1	80
	14	16204	1	50
	15	17204	1	50
	16	14204	1	50
	17	16104	1	50
}

Group	Baule_Grande_Albero_Fantasma
{
	Vnum	50081
	1	160	1	100
	2	140	1	100
	3	150	1	100
	4	240	1	100
	5	3130	1	100
	6	3140	1	100
	7	2130	1	100
	8	2140	1	100
	9	1100	1	100
	10	1110	1	100
	11	7140	1	100
	12	7130	1	100
	13	5100	1	100
	14	5090	1	100
	15	70401	2	130
	16	50926	3	90
	17	72044	1	80
	18	86075	1	70
	19	72320	1	95
}

Group	Baule_Lord_Albero_Fantasma
{
	Vnum	50069
	1	11290	1	100
	2	11690	1	100
	3	11890	1	100
	4	11490	1	100
	5	15204	1	50
	6	16204	1	50
	7	17204	1	50
	8	14204	1	50
	9	15184	1	50
	10	15224	1	50
	11	14205	1	40
	12	16205	1	40
	13	17205	1	40
	14	70401	2	100
	15	72044	1	80
	16	86075	1	70
	17	50926	3	100
	18	72320	1	100
}

Group	Scrigno_dell_oscurità
{
	Vnum	50254
	1	70401	4	130
	2	86075	1	130
	3	50926	4	100
	4	72320	1	100
	5	30516	2	150
	6	30612	2	150
	7	30587	2	150
	8	30505	2	150
}

Group	Baule_Sovrano_En_Tai
{
	Vnum	50285
	1	70401	4	130
	2	70401	6	90
	3	86075	1	130
	4	86075	2	95
	5	50926	6	100
	6	72320	1	100
	7	30505	1	150
	8	30516	1	150
	9	30610	1	90
	10	30618	1	90
	11	30279	10	130
	12	30277	5	130
}

Group	Dungeon_Orc_Maze
{
	Vnum	50072
	1	70612	1	40
	2	86075	1	30
	3	56001	1	20
	4	10954	1	65
	5	10955	1	65
	6	10956	1	65
	7	10957	1	65
	8	10958	1	65
	9	10959	1	65
	10	86066	1	50
}

Group	Dungeon_Slime
{
	Vnum	50075
	1	70612	1	40
	2	86075	1	30
	3	56001	1	20
	4	10954	1	65
	5	10955	1	65
	6	10956	1	65
	7	10957	1	65
	8	10958	1	65
	9	10959	1	65
	10	86066	1	50
}

Group	Dungeon_Baronesa
{
	Vnum	50074
	1	70612	1	40
	2	86075	1	30
	3	56001	1	20
	4	10954	1	65
	5	10955	1	65
	6	10956	1	65
	7	10957	1	65
	8	10958	1	65
	9	10959	1	65
	10	86066	1	50
	11	15370	1	50
	12	15390	1	50
	13	15410	1	50
	14	15430	1	50
	15	33437	3	20
}

Group	Baule_Torre_Demoni
{
	Vnum	50082
	1	170	1	30
	2	3150	1	30
	3	2180	1	30
	4	1120	1	30
	5	7150	1	30
	6	250	1	30
	7	180	1	55
	8	3160	1	55
	9	190	1	55
	10	2170	1	55
	11	1130	1	55
	12	5120	1	55
	13	12260	1	70
	14	12530	1	70
	15	12390	1	70
	16	12670	1	70
}

Group	Baule_Azrael
{
	Vnum	50097
	1	25041	1	50
	2	86075	2	30
	3	56001	1	20
	4	30279	20	100
	5	30279	5	50
	6	30277	5	50
	7	33439	3	20
	8	33438	2	20
}

Group	Baule_Beran
{
	Vnum	50098
	1	70402	1	10
	2	70403	1	1
	3	25041	1	50
	5	86075	2	50
	6	56001	1	20
	7	84999	1	60
	8	84999	2	25
	9	30279	30	50
	10	30277	10	40
	11	33436	3	20
}

Group	Baule_Strega_di_Ghiaccio
{
	Vnum	50065
	1	86051	1	100
	2	86051	2	60
	3	84999	1	100
	4	84999	2	60
	5	70612	1	5
	6	55003	1	100
	7	55004	1	100
	8	55005	1	100
}

Group	Baule_Nemere
{
	Vnum	50064
	1	70604	1	40
	2	70605	1	40
	3	70606	1	10
	4	30283	2	80
	5	30602	2	120
	6	30525	2	120
	7	30615	2	120
}

Group	Baule_Razador
{
	Vnum	50063
	1	30524	2	120
	2	30614	2	120
	3	30512	2	120
	4	30282	2	80
	5	70606	1	10
	6	70605	1	40
}

Group	Baule_Forte_Principe_Ochao
{
	Vnum	50204
	1	30610	2	100
	2	30618	2	100
	3	30617	2	100
	4	164408	2	80
}

Group	Baule_Jotun_Thrym
{
	Vnum	50266
	1	30610	2	100
	2	30618	2	100
	3	30617	2	100
	4	164408	2	80
}

Group	Baule_di_Idra
{
	Vnum	50203
	1	164409	2	100
	2	164410	2	100
	3	164411	2	100
	4	164412	2	100
}

Group	Baule_delle_piramidi
{
	Vnum	30806
	1	164409	2	100
	2	164410	2	100
	3	164411	2	100
	4	164412	2	100
}

Group	Baule_Meley1
{
	Vnum	50270
	1	50926	20	130
	2	50926	50	120
	3	50926	100	100
	4	50926	150	70
	5	50926	200	50
	6	50926	250	40
	7	50926	300	20
	7	50926	300	20
}

Group	Baule_Meley2
{
	Vnum	50271
	1	50099	1	70
	2	55009	1	50
	3	72320	1	50
	4	86051	6	90
	5	86053	2	40
	6	86054	2	20
	7	86055	2	10
	8	40144	1	15
	9	40143	1	5
	10	88902	1	100
	11	164406	1	60
	12	164406	2	40
	13	84999	2	70
	14	86075	1	70
	15	50926	20	130
	16	33436	2	40
	17	33437	2	40
	18	33438	2	40
	19	71057	1	10
}

Group	Baule_rune_Haru
{
	Vnum	50100
	1	88980	20	130
	2	88980	30	110
	3	88980	50	90
	4	88980	60	80
	5	88980	70	60
	6	88980	90	50
}

Group	Baule_rune_Buncho
{
	Vnum	50102
	1	88980	50	120
	2	88980	70	120
	3	88980	100	80
	4	88980	130	80
	5	88980	160	50
	6	88980	200	50
}

Group	Baule_rune_Eien
{
	Vnum	50101
	1	88980	120	120
	2	88980	150	120
	3	88980	160	80
	4	88980	180	80
	5	88980	200	50
	6	88980	250	50
}

Group	Cassa_con_Libri_del_pet
{
	Vnum	55009
	1	55010	1	100
	2	55011	1	100
	3	55012	1	100
	4	55013	1	100
	5	55014	1	100
	6	55015	1	100
	7	55016	1	100
	8	55017	1	100
	9	55018	1	100
	10	55019	1	100
	11	55020	1	100
	12	55021	1	100
	13	86076	1	5
	14	86077	1	5
}

Group	Baule_Elementale
{
	Vnum	50099
	1	30255	1	80
	2	30256	1	80
	3	30257	1	80
	4	30258	1	80
	5	30259	1	80
	6	30260	1	80
	7	86067	2	50
	8	33031	2	120
}

Group	Baule_Prezioso_skin_stola
{
	Vnum	50066
	1	85019	1	95
	2	85023	1	95
	3	85027	1	95
	4	85031	1	95
	5	85035	1	95
	6	85039	1	95
	7	85043	1	95
	8	85047	1	95
	9	85051	1	95
	10	85055	1	95
	11	85059	1	95
	12	85063	1	95
	13	85067	1	95
	14	70404	1	40
	15	70065	1	65
	16	84999	4	80
	17	84999	8	35
}

Group	Baule_Boss_Guerriero
{
	Vnum	71203
	1	50401	3	4
	2	50402	3	4
	3	50403	3	4
	4	50404	3	4
	5	50405	3	4
	6	50406	3	4
	7	50416	3	4
	8	50417	3	4
	9	50418	3	4
	10	50419	3	4
	11	50420	3	4
	12	50421	3	4
}

Group	Baule_Boss_Ninja
{
	Vnum	71204
	1	50431	3	4
	2	50432	3	4
	3	50433	3	4
	4	50434	3	4
	5	50435	3	4
	6	50436	3	4
	7	50446	3	4
	8	50447	3	4
	9	50448	3	4
	10	50449	3	4
	11	50450	3	4
	12	50451	3	4
}

Group	Baule_Boss_Sura
{
	Vnum	71205
	1	50476	3	4
	2	50477	3	4
	3	50478	3	4
	4	50479	3	4
	5	50480	3	4
	6	50481	3	4
	7	50461	3	4
	8	50462	3	4
	9	50463	3	4
	10	50464	3	4
	11	50465	3	4
	12	50466	3	4
}

Group	Baule_Boss_Shamamo
{
	Vnum	71206
	1	50491	3	4
	2	50492	3	4
	3	50493	3	4
	4	50494	3	4
	5	50495	3	4
	6	50496	3	4
	7	50506	3	4
	8	50507	3	4
	9	50508	3	4
	10	50509	3	4
	11	50510	3	4
	12	50511	3	4
}

Group	Baule_delle_Passive
{
	Vnum	50323
	1	50516	1	100
	2	50517	1	100
	3	50518	1	100
	4	50519	1	100
	5	50520	1	100
	6	50521	1	100
	7	50522	1	100
	8	50523	1	100
}

Group	Baule_delle_Boost
{
	Vnum	50324
	1	50560	1	100
	2	50561	1	100
	3	50562	1	100
	4	50563	1	100
	5	50564	1	100
	6	50565	1	100
	7	50566	1	100
	8	50567	1	100
}

Group	Baule_delle_Abilità
{
	Vnum	50143
	1	50333	1	55
	2	50334	1	100
	3	50335	1	45
	4	50336	1	80
}

Group	Lilith_Chest
{
	Vnum	48701
	1	48611	1	80
	2	48612	1	80
	3	48613	1	80
	4	48614	1	80
	5	48615	1	80
	6	48616	1	80
	7	48621	1	80
	8	48622	1	80
	9	48623	1	80
	10	48624	1	80
	11	48625	1	80
	12	48626	1	80
	13	48511	1	80
	14	48512	1	80
	15	48521	1	80
	16	48522	1	80
	17	85092	1	80
	18	85096	1	80
	19	70604	1	70
	20	70605	1	80
	21	70606	1	50
	22	70402	1	90
	23	70403	1	1
	24	84999	1	50
}

Group	Agares_Chest
{
	Vnum	48706
	1	48611	1	70
	2	48612	1	70
	3	48613	1	70
	4	48614	1	70
	5	48615	1	70
	6	48616	1	70
	7	48621	1	70
	8	48622	1	70
	9	48623	1	70
	10	48624	1	70
	11	48625	1	70
	12	48626	1	70
	13	48511	1	70
	14	48512	1	70
	15	48521	1	70
	16	48522	1	70
	17	85092	1	70
	18	85096	1	70
	19	70604	1	70
	20	70605	1	80
	21	70606	1	50
	22	70402	1	90
	23	70403	1	1
	24	84999	1	50
}

Group	Agares_Call
{
	Vnum 48707
	1	mob	4203	1
}

Group	Chest_Stones
{
	Vnum	71057
	1	28530	4	100
	2	28531	4	100
	3	28532	4	100
	4	28533	4	100
	5	28534	4	100
	6	28535	4	100
	7	28536	4	100
	8	28537	4	100
	9	28538	4	100
	10	28539	4	100
	11	28540	4	100
	12	28541	4	100
	13	28542	4	100
	14	28543	4	100
}
Group	Cufere_Clar_Luna
{
	Vnum	50011
	1	50513	2	100
	2	56001	1	80
	3	25041	2	70
	4	25040	5	100
	5	70402	1	40
	6	30277	1	100
	7	30277	2	100
	8	30277	3	100
	9	30279	1	100
	10	30279	2	100
	11	30279	3	100
	12	27992	1	100
	13	27993	1	100
	14	27994	1	100
	15	86075	1	90
	16	71084	25	100
	17	71084	50	100
	18	71084	100	100
	19	72320	1	100
	20	27987	2	100
	21	72001	1	100
	22	72044	1	100
	23	72725	1	100
	24	72729	1	100
	25	72006	1	100
	26	27990	10	120
}
