r	193	383	10	10	0	0	20s	100	1	704
r	192	386	10	10	0	0	20s	100	1	704
r	191	385	10	10	0	0	20s	100	1	704
r	308	369	10	10	0	0	20s	100	1	704
r	310	370	10	10	0	0	20s	100	1	704
r	287	389	10	10	0	0	20s	100	1	704
r	285	391	10	10	0	0	20s	100	1	704
r	275	394	10	10	0	0	20s	100	1	704
r	269	381	10	10	0	0	20s	100	1	704
r	264	378	10	10	0	0	20s	100	1	704
r	272	371	10	10	0	0	20s	100	1	704
r	285	391	10	10	0	0	20s	100	1	704
r	275	394	10	10	0	0	20s	100	1	704
r	269	381	10	10	0	0	20s	100	1	704
r	304	386	10	10	0	0	20s	100	1	704
r	296	384	10	10	0	0	20s	100	1	704
r	288	385	10	10	0	0	20s	100	1	704
r	282	389	10	10	0	0	20s	100	1	704
r	271	398	10	10	0	0	20s	100	1	704
r	287	389	10	10	0	0	20s	100	1	704
r	265	381	10	10	0	0	20s	100	1	704
r	276	371	10	10	0	0	20s	100	1	704
r	295	372	10	10	0	0	20s	100	1	704
r	303	378	10	10	0	0	20s	100	1	704
r	302	400	10	10	0	0	20s	100	1	704
r	299	407	10	10	0	0	20s	100	1	704
r	194	396	10	10	0	0	20s	100	1	704
r	186	398	10	10	0	0	20s	100	1	704
r	183	403	10	10	0	0	20s	100	1	704
r	172	407	10	10	0	0	20s	100	1	704
r	171	374	10	10	0	0	20s	100	1	704
r	189	367	10	10	0	0	20s	100	1	704
r	208	386	10	10	0	0	20s	100	1	704
r	211	398	10	10	0	0	20s	100	1	704
r	330	387	10	10	0	0	20s	100	1	704
r	371	404	10	10	0	0	20s	100	1	704
r	381	405	10	10	0	0	20s	100	1	704
r	395	402	10	10	0	0	20s	100	1	704
r	403	394 10	10	0	0	20s	100	1	704
r	403	381	10	10	0	0	20s	100	1	704
r	395	374	10	10	0	0	20s	100	1	704
r	378	373	10	10	0	0	20s	100	1	704
r	382	385	10	10	0	0	20s	100	1	704
r	383	393	10	10	0	0	20s	100	1	704
r	393	395	10	10	0	0	20s	100	1	704
r	393	388 10	10	0	0	20s	100	1	704
r	384	385	10	10	0	0	20s	100	1	704
r	372	391	10	10	0	0	20s	100	1	704
r	370	381	10	10	0	0	20s	100	1	704
r	372	382	10	10	0	0	20s	100	1	704
r	374	385	10	10	0	0	20s	100	1	704
r	378	387 10	10	0	0	20s	100	1	704
r	372	381	10	10	0	0	20s	100	1	704
r	371	374	10	10	0	0	20s	100	1	704
r	379	373	10	10	0	0	20s	100	1	704
r	365	377	10	10	0	0	20s	100	1	704
r	264	378	10	10	0	0	20s	100	1	704
r	272	371	10	10	0	0	20s	100	1	704
r	294	405	10	10	0	0	20s	100	1	704
r	294	405	10	10	0	0	20s	100	1	704
r	290	402	10	10	0	0	20s	100	1	704
r	288	400	10	10	0	0	20s	100	1	704
r	295	407	10	10	0	0	20s	100	1	704
r	290	353	10	10	0	0	20s	100	1	704
r	291	353	10	10	0	0	20s	100	1	704
r	269	366	10	10	0	0	20s	100	1	704
r	289	366	10	10	0	0	20s	100	1	704
r	278	372	10	10	0	0	20s	100	1	704
r	396	385	10	10	0	0	20s	100	1	704
r	206	401	10	10	0	0	20s	100	1	704
r	206	402	10	10	0	0	20s	100	1	704
r	207	403	10	10	0	0	20s	100	1	704
r	195	408	10	10	0	0	20s	100	1	704
r	197	410	10	10	0	0	20s	100	1	704
r	184	408	10	10	0	0	20s	100	1	704
r	173	409	10	10	0	0	20s	100	1	704
r	170	410	10	10	0	0	20s	100	1	704
r	168	401	10	10	0	0	20s	100	1	704
r	167	389	10	10	0	0	20s	100	1	704
r	174	372	10	10	0	0	20s	100	1	704
r	184	370	10	10	0	0	20s	100	1	704
r	195	371	10	10	0	0	20s	100	1	704
r	205	375	10	10	0	0	20s	100	1	704
r	207	385	10	10	0	0	20s	100	1	704
r	188	393	10	10	0	0	20s	100	1	704
r	191	382	10	10	0	0	20s	100	1	704
r	231	390	10	10	0	0	20s	100	1	704
r	249	390	10	10	0	0	20s	100	1	704
r	151	391	10	10	0	0	20s	100	1	704
r	92	386	10	10	0	0	20s	100	1	703
r	72	374	10	10	0	0	20s	100	1	704
r	73	395	10	10	0	0	20s	100	1	703
r	92	405	10	10	0	0	20s	100	1	702
r	386	387	10	10	0	0	20s	100	1	704
r	307	389	10	10	0	0	20s	100	1	704
r	294	391	10	10	0	0	20s	100	1	704
r	281	395	10	10	0	0	20s	100	1	704
r	254	396	10	10	0	0	20s	100	1	704
r	336	396	10	10	0	0	20s	100	1	704
r	269	397	10	10	0	0	20s	100	1	704
r	287	399	10	10	0	0	20s	100	1	704
r	308	404	10	10	0	0	20s	100	1	704
r	398	404	10	10	0	0	20s	100	1	704
r	297	405	10	10	0	0	20s	100	1	704
r	405	406	10	10	0	0	20s	100	1	704
r	296	409	10	10	0	0	20s	100	1	704
r	309	410	10	10	0	0	20s	100	1	704
r	289	254	10	10	0	0	20s	100	1	703
r	280	262	10	10	0	0	20s	100	1	703
r	272	271	10	10	0	0	20s	100	1	703
r	307	271	10	10	0	0	20s	100	1	703
r	307	274	10	10	0	0	20s	100	1	703
r	293	280	10	10	0	0	20s	100	1	703
r	265	281	10	10	0	0	20s	100	1	703
r	249	289	10	10	0	0	20s	100	1	703
r	282	300	10	10	0	0	20s	100	1	703
r	292	304	10	10	0	0	20s	100	1	703
r	283	320	10	10	0	0	20s	100	1	703
r	286	322	10	10	0	0	20s	100	1	703
r	292	334	10	10	0	0	20s	100	1	703
r	195	364	10	10	0	0	20s	100	1	703
r	170	369	10	10	0	0	20s	100	1	703
r	175	376	10	10	0	0	20s	100	1	703
r	178	384	10	10	0	0	20s	100	1	703
r	187	388	10	10	0	0	20s	100	1	703
r	193	389	10	10	0	0	20s	100	1	703
r	218	390	10	10	0	0	20s	100	1	703
r	187	391	10	10	0	0	20s	100	1	703
r	170	393	10	10	0	0	20s	100	1	703
r	185	399	10	10	0	0	20s	100	1	703
r	184	403	10	10	0	0	20s	100	1	703
r	168	411	10	10	0	0	20s	100	1	703
r	191	411	10	10	0	0	20s	100	1	703
r	93	120	10	10	0	0	20s	100	1	701
r	93	123	10	10	0	0	20s	100	1	701
r	85	124	10	10	0	0	20s	100	1	701
r	81	144	10	10	0	0	20s	100	1	701
r	81	147	10	10	0	0	20s	100	1	701
r	177	170	10	10	0	0	20s	100	1	701
r	182	175	10	10	0	0	20s	100	1	701
r	74	179	10	10	0	0	20s	100	1	701
r	223	183	10	10	0	0	20s	100	1	701
r	201	184	10	10	0	0	20s	100	1	701
r	225	184	10	10	0	0	20s	100	1	701
r	81	185	10	10	0	0	20s	100	1	701
r	188	189	10	10	0	0	20s	100	1	701
r	199	189	10	10	0	0	20s	100	1	701
r	200	190	10	10	0	0	20s	100	1	701
r	90	193	10	10	0	0	20s	100	1	701
r	170	195	10	10	0	0	20s	100	1	701
r	170	196	10	10	0	0	20s	100	1	701
r	202	199	10	10	0	0	20s	100	1	701
r	174	205	10	10	0	0	20s	100	1	701
r	166	207	10	10	0	0	20s	100	1	701
r	191	215	10	10	0	0	20s	100	1	701
r	94	225	10	10	0	0	20s	100	1	701
r	90	226	10	10	0	0	20s	100	1	701
r	88	244	10	10	0	0	20s	100	1	701
r	96	272	10	10	0	0	20s	100	1	701
r	69	273	10	10	0	0	20s	100	1	701
r	87	278	10	10	0	0	20s	100	1	701
r	80	288	10	10	0	0	20s	100	1	701
r	123	289	10	10	0	0	20s	100	1	701
r	83	313	10	10	0	0	20s	100	1	701
r	276	171	10	10	0	0	20s	100	1	702
r	304	176	10	10	0	0	20s	100	1	702
r	291	179	10	10	0	0	20s	100	1	702
r	238	184	10	10	0	0	20s	100	1	702
r	236	185	10	10	0	0	20s	100	1	702
r	291	185	10	10	0	0	20s	100	1	702
r	256	186	10	10	0	0	20s	100	1	702
r	255	188	10	10	0	0	20s	100	1	702
r	234	195	10	10	0	0	20s	100	1	702
r	166	268	10	10	0	0	20s	100	1	702
r	193	282	10	10	0	0	20s	100	1	702
r	179	284	10	10	0	0	20s	100	1	702
r	198	289	10	10	0	0	20s	100	1	702
r	213	289	10	10	0	0	20s	100	1	702
r	144	290	10	10	0	0	20s	100	1	702
r	216	290	10	10	0	0	20s	100	1	702
r	205	291	10	10	0	0	20s	100	1	702
r	202	293	10	10	0	0	20s	100	1	702
r	163	295	10	10	0	0	20s	100	1	702
r	158	296	10	10	0	0	20s	100	1	702
r	186	309	10	10	0	0	20s	100	1	702
r	66	372	10	10	0	0	20s	100	1	702
r	92	374	10	10	0	0	20s	100	1	702
r	100	374	10	10	0	0	20s	100	1	702
r	81	375	10	10	0	0	20s	100	1	702
r	126	384	10	10	0	0	20s	100	1	702
r	101	386	10	10	0	0	20s	100	1	702
r	110	388	10	10	0	0	20s	100	1	702
r	129	388	10	10	0	0	20s	100	1	702
r	92	392	10	10	0	0	20s	100	1	702
r	127	396	10	10	0	0	20s	100	1	702
r	100	408	10	10	0	0	20s	100	1	702
r	86	412	10	10	0	0	20s	100	1	702
g	88	188	10	10	0	0	20s	100	1	2021
g	187	188	10	10	0	0	20s	100	1	2021
g	86	287	10	10	0	0	20s	100	1	2021
g	89	389	10	10	0	0	20s	100	1	2021
g	188	289	10	10	0	0	20s	100	1	2021
g	287	189	10	10	0	0	20s	100	1	2021
g	287	287	10	10	0	0	20s	100	1	2021
g	187	386	10	10	0	0	20s	100	1	2021
g	287	389	10	10	0	0	20s	100	1	2021
